289 323 329 323 329 423 289 423
332 325 382 325 382 420 332 420
383 326 431 326 431 421 383 421
433 325 478 325 478 425 433 425
482 326 527 326 527 423 482 423
529 325 576 325 576 421 529 421
575 323 621 323 621 422 575 422
622 323 668 323 668 427 622 427
670 323 718 323 718 424 670 424
719 328 767 328 767 424 719 424
767 328 815 328 815 426 767 426
815 328 861 328 861 426 815 426
862 327 910 327 910 426 862 426
911 327 955 327 955 426 911 426
958 327 1004 327 1004 428 958 428
1007 328 1053 328 1053 426 1007 426
1054 326 1101 326 1101 426 1054 426
189 422 286 422 286 471 189 471
189 470 287 470 287 519 189 519
186 519 286 519 286 567 186 567
378 553 430 553 430 651 378 651
431 553 476 553 476 652 431 652
479 556 523 556 523 656 479 656
522 557 572 557 572 654 522 654
575 560 620 560 620 648 575 648
623 559 668 559 668 654 623 654
769 556 811 556 811 654 769 654
815 560 860 560 860 655 815 655
861 558 906 558 906 656 861 656
909 560 956 560 956 657 909 657
958 561 1004 561 1004 656 958 656
1005 560 1052 560 1052 659 1005 659
1054 560 1102 560 1102 655 1054 655
373 650 428 650 428 751 373 751
430 653 473 653 473 751 430 751
477 654 523 654 523 754 477 754
522 655 570 655 570 752 522 752
573 653 615 653 615 753 573 753
619 652 669 652 669 759 619 759
706 652 758 652 758 758 706 758
763 652 813 652 813 758 763 758
815 658 859 658 859 761 815 761
861 656 906 656 906 757 861 757
908 654 956 654 956 755 908 755
956 657 1002 657 1002 755 956 755
1005 658 1057 658 1057 759 1005 759
1055 659 1102 659 1102 756 1055 756
373 882 426 882 426 985 373 985
429 884 473 884 473 983 429 983
474 883 519 883 519 984 474 984
522 881 570 881 570 986 522 986
570 882 614 882 614 983 570 983
618 883 666 883 666 984 618 984
667 883 713 883 713 986 667 986
713 885 759 885 759 985 713 985
762 885 808 885 808 987 762 987
812 888 857 888 857 988 812 988
861 887 903 887 903 988 861 988
906 888 954 888 954 988 906 988
958 890 1001 890 1001 988 958 988
1005 892 1048 892 1048 986 1005 986
1050 893 1096 893 1098 990 1048 990
374 987 430 987 430 1080 374 1080
428 986 474 986 474 1081 428 1081
474 983 520 983 520 1079 474 1079
523 985 568 985 568 1084 523 1084
571 983 616 983 616 1085 571 1085
613 980 667 980 667 1079 613 1079
667 988 713 988 713 1087 667 1087
715 991 760 991 760 1084 715 1084
760 987 810 987 810 1085 760 1085
812 984 860 984 860 1087 812 1087
858 990 907 990 907 1087 858 1087
906 988 956 988 956 1086 906 1086
952 991 999 991 999 1086 952 1086
1000 989 1049 989 1049 1086 1000 1086
1050 989 1095 989 1095 1085 1050 1085
230 1214 282 1214 282 1308 230 1308
177 1213 230 1213 230 1308 177 1308
520 1211 570 1211 570 1314 520 1314
574 1212 619 1212 619 1316 574 1316
618 1208 666 1208 666 1313 618 1313
666 1212 711 1212 711 1312 666 1312
713 1214 761 1214 761 1314 713 1314
763 1217 809 1217 809 1316 763 1316
810 1220 858 1220 858 1317 810 1317
862 1221 905 1221 905 1316 862 1316
906 1224 951 1224 951 1316 906 1316
956 1217 999 1217 999 1314 956 1314
1001 1218 1045 1218 1045 1314 1001 1314
1048 1218 1097 1218 1097 1316 1048 1316
