100 413 202 413 202 459 99 459
100 461 203 461 203 505 100 505
99 506 202 506 202 550 99 550
100 551 203 551 203 599 100 599
99 600 207 600 207 646 99 646
101 648 203 648 203 697 101 697
88 698 202 698 202 743 88 743
92 745 201 745 201 793 92 793
92 796 202 796 202 840 92 840
97 989 200 989 199 1034 95 1034
96 1034 198 1034 198 1082 96 1082
97 1081 196 1081 196 1127 97 1127
98 1129 196 1129 196 1179 98 1179
99 1181 197 1181 197 1228 99 1228
98 1229 199 1229 199 1277 98 1277
97 1274 198 1274 198 1320 97 1320
97 1322 199 1322 199 1370 97 1370
98 1371 201 1371 201 1414 98 1414
332 414 439 414 439 463 332 463
331 464 435 464 435 507 331 507
330 508 433 508 433 554 330 554
329 557 434 557 434 603 329 603
331 610 436 610 436 651 331 651
330 654 432 654 432 699 330 699
331 702 430 702 430 746 331 746
328 748 427 748 427 793 328 793
329 794 428 794 428 842 329 842
331 845 429 845 429 888 331 888
328 891 428 891 428 937 328 937
328 941 428 941 428 993 328 993
326 1125 428 1125 428 1175 326 1175
325 1174 427 1174 427 1224 325 1224
324 1223 425 1223 425 1275 324 1275
438 412 533 412 533 462 438 462
435 460 533 460 533 508 435 508
434 509 533 509 533 558 434 558
433 556 533 556 533 606 433 606
434 607 533 607 533 654 434 654
434 653 530 653 530 703 434 703
429 702 531 702 531 747 429 747
428 748 531 748 531 798 428 798
426 795 533 795 533 844 426 844
427 844 530 844 530 891 427 891
427 889 530 889 530 937 427 937
428 936 527 936 527 995 428 995
424 1126 527 1126 527 1178 424 1178
425 1177 526 1177 526 1225 425 1225
428 1225 528 1225 528 1273 428 1273
657 415 762 415 762 463 657 463
657 463 762 463 762 508 657 508
655 508 762 508 762 555 655 555
655 560 763 560 763 602 655 602
657 604 759 604 759 652 657 652
658 653 763 653 763 699 658 699
659 702 762 702 762 745 659 745
659 746 759 746 759 796 659 796
659 794 758 794 758 843 659 843
659 844 757 844 757 890 659 890
658 891 756 891 756 936 658 936
656 934 759 934 759 991 656 991
656 1131 757 1131 757 1180 656 1180
654 1184 757 1184 757 1226 654 1226
653 1227 757 1227 757 1277 653 1277
762 413 861 413 861 463 762 463
762 465 860 465 860 510 762 510
760 510 863 510 863 558 760 558
762 557 858 557 858 606 762 606
761 606 857 606 857 652 761 652
763 656 858 656 858 700 763 700
760 696 865 696 865 748 760 748
760 745 860 745 860 797 760 797
758 798 857 798 857 847 758 847
757 844 861 844 861 895 757 895
759 891 859 891 859 940 759 940
758 1133 855 1133 855 1183 758 1183
758 1183 859 1183 859 1232 758 1232
761 1230 857 1230 857 1280 761 1280
991 419 1093 419 1093 465 991 465
990 464 1091 464 1091 508 990 508
988 509 1094 509 1094 557 988 557
987 559 1089 559 1089 604 987 604
987 607 1092 607 1092 655 987 655
986 656 1089 656 1089 702 986 702
985 703 1089 703 1089 746 985 746
982 743 1090 743 1090 799 982 799
986 799 1090 799 1090 847 986 847
985 848 1087 848 1087 894 985 894
983 895 1087 895 1087 940 983 940
983 942 1089 942 1089 988 983 988
984 992 1088 992 1088 1039 984 1039
984 1040 1087 1040 1087 1087 984 1087
984 1088 1087 1088 1087 1134 984 1134
983 1137 1086 1137 1086 1182 983 1182
985 1184 1086 1184 1086 1230 985 1230
984 1231 1087 1231 1087 1278 984 1278
